六九 252 1243
1243 1 0 0 0
1324 0 1 0 0
1379 0 0 1 0
1434 0 0 0 1
1489 1 1 1 1
1731 0 1 0 0
1874 0 0 1 0
1969 0 1 0 0
2088 1 0 0 0
2207 0 1 0 0
2326 0 0 1 0
2445 0 0 0 1
2565 0 0 1 0
2684 0 1 0 0
2803 1 0 0 0
2922 0 1 0 0
3041 1 0 0 0
3160 0 1 0 0
3279 0 0 1 0
3374 0 1 0 0
3398 0 0 1 0
3517 0 0 0 1
3636 0 0 1 0
3755 1 0 0 0
3874 0 1 0 0
3993 0 0 1 0
4112 0 0 0 1
4231 0 0 1 0
4350 0 1 0 0
4469 1 0 0 0
4588 0 1 0 0
4707 0 0 1 0
4826 0 1 0 0
4945 0 0 1 0
5065 0 0 0 1
5184 0 0 1 0
5308 0 1 0 0
5367 0 0 1 0
5427 0 1 0 0
5541 0 0 0 1
5660 0 1 0 0
5779 0 0 1 0
6017 0 1 0 0
6145 0 0 1 0
6207 0 1 0 0
6262 1 0 0 0
6439 0 0 0 1
6497 0 0 1 0
6612 0 1 0 0
6731 1 0 0 0
6850 0 1 0 0
6969 0 0 1 0
7088 0 0 0 1
7211 0 1 1 0
7449 1 0 0 0
7687 0 0 1 0
7925 0 0 0 1
8163 0 0 1 0
8401 0 1 0 0
8639 1 0 0 1
8877 0 1 0 0
9115 0 1 0 0
9353 0 1 0 0
9591 0 0 1 0
9830 0 0 0 1
10062 0 1 1 0
10541 1 0 0 0
10660 0 0 0 1
10775 0 1 1 0
11017 0 1 0 0
11231 1 0 0 0
11494 0 1 1 0
12565 1 0 0 0
12684 1 0 0 0
12754 0 1 0 0
12811 0 0 1 0
12866 0 0 0 1
12922 1 1 1 1
13160 0 1 0 0
13303 0 0 1 0
13398 0 1 0 0
13517 1 0 0 0
13636 0 1 0 0
13755 0 0 1 0
13874 0 0 0 1
13993 0 0 1 0
14112 0 1 0 0
14231 1 0 0 0
14350 0 1 0 0
14469 1 0 0 0
14588 0 1 0 0
14707 0 0 0 1
14768 0 0 0 1
14826 0 0 0 1
14945 0 0 1 0
15065 1 0 0 0
15184 0 1 0 0
15303 0 0 1 0
15422 0 0 0 1
15541 0 0 1 0
15660 1 0 0 0
15779 0 1 0 0
15898 1 0 0 0
16017 0 1 0 0
16136 0 0 1 0
16255 0 1 0 0
16374 0 0 1 0
16493 0 0 0 1
16612 0 0 1 0
16731 0 1 0 0
16796 0 0 1 0
16856 0 1 0 0
16969 0 0 0 1
17088 0 0 1 0
17207 0 0 0 1
17445 0 0 1 0
17684 0 1 0 0
17922 1 0 0 0
18041 0 0 0 1
18160 0 0 1 0
18279 0 1 0 0
18398 1 0 0 0
18517 0 1 0 0
18578 0 1 0 0
18636 0 1 1 0
18874 0 1 0 0
19112 0 0 1 0
19350 0 0 0 1
19588 0 1 0 0
19647 0 0 1 0
19707 0 1 0 0
19826 0 0 1 0
20065 1 1 0 0
20303 1 0 0 0
20422 0 0 1 0
20541 0 1 0 0
20660 1 0 0 0
20779 1 0 0 0
20898 1 0 0 0
21017 0 1 0 0
21136 0 1 0 0
21255 0 0 1 0
21374 0 0 1 0
21493 0 1 1 0
21969 0 1 1 0
22088 0 0 0 1
22207 0 0 1 0
22445 0 1 0 0
22684 1 0 0 0
22922 0 0 1 0
24112 0 0 1 0
24172 0 0 0 1
24231 0 0 1 0
24290 0 1 0 0
24350 1 0 0 0
24945 0 1 0 0
25541 0 1 0 0
25601 1 0 0 0
25660 0 1 0 0
25719 0 0 1 0
25779 0 0 0 1
26255 1 0 0 0
26731 0 1 0 0
27027 0 0 0 1
27088 0 0 1 0
27255 0 1 0 0
29826 0 1 0 0
29886 1 0 0 0
29945 0 1 0 0
30004 0 0 1 0
30065 0 0 0 1
30660 0 0 1 0
31255 0 0 1 0
31315 0 0 0 1
31374 0 0 1 0
31433 0 1 0 0
31493 1 0 0 0
31969 0 1 0 0
32445 1 0 0 0
32684 0 0 1 0
32743 0 1 0 0
32803 0 0 1 0
32863 0 1 0 0
32922 1 0 0 0
33160 1 0 0 0
33398 0 0 1 0
33636 0 1 0 0
33874 0 0 1 0
34112 0 1 0 0
34350 0 0 0 1
34826 0 0 0 1
35065 0 0 1 0
35779 1 1 1 1
35898 0 0 0 1
36017 0 0 0 1
36136 0 0 0 1
36255 0 0 1 0
36374 0 0 0 1
36493 0 0 1 0
36612 0 1 0 0
36731 0 1 0 0
36850 0 1 0 0
36969 1 0 0 0
37088 0 1 0 0
37207 0 1 0 0
37445 0 0 1 0
37565 0 1 0 0
37684 1 0 0 0
37803 0 1 0 0
37922 0 0 1 0
38041 0 1 0 0
38160 0 0 1 0
38279 0 1 0 0
38398 0 0 1 0
38517 0 1 0 0
38636 0 0 1 0
38874 0 1 0 0
38993 0 1 0 0
39112 0 1 0 0
39231 1 0 0 0
39350 0 1 0 0
39588 0 0 0 1
39707 0 0 0 1
39826 0 0 0 1
39945 0 0 1 0
40065 0 0 0 1
40303 0 1 0 0
40422 0 1 0 0
40541 0 1 0 0
40660 1 0 0 0
40779 0 1 0 0
41017 0 1 0 0
41136 0 1 0 0
41255 1 0 0 0
41314 0 1 0 0
41374 1 0 0 0
41434 0 1 0 0
41493 1 1 1 1
41850 0 0 1 0
42207 0 0 1 0
42445 0 0 0 1
42565 0 0 1 0
42684 0 1 0 0
42803 0 0 1 0
42922 0 0 1 0
43041 0 1 0 0
43160 1 0 0 0
43279 0 0 1 0
43398 0 1 0 0
43517 0 1 0 0
43636 1 0 0 0
43755 0 1 0 0
43874 0 1 0 0
43993 0 1 0 0
44112 0 1 0 0
44231 0 1 0 0
44350 0 0 1 0
44469 0 0 1 0
44588 0 0 1 0
44707 0 0 1 0
44826 0 0 1 0
44945 0 0 1 0
45065 0 0 1 0
45184 0 0 1 0
45303 0 0 0 1
45422 0 0 0 1
45541 0 0 0 1
45660 0 0 0 1
45779 0 1 0 0
45898 0 1 0 0
46017 0 1 0 0
46136 0 1 0 0
46255 0 1 0 0
46374 0 1 0 0
46493 0 1 0 0
46612 0 1 0 0
46731 0 0 1 0
46850 0 0 1 0
46969 0 0 1 0
47088 0 0 1 0
47207 0 0 0 1
47326 0 0 0 1
47445 0 0 0 1
47565 0 0 0 1
47684 0 0 0 1
47803 0 0 0 1
47922 0 0 0 1
48041 0 0 0 1
48160 0 0 0 1
48279 0 0 0 1
48398 0 0 0 1
48517 0 0 0 1
48636 1 0 0 0
48755 1 0 0 0
48874 0 1 0 0
48993 1 0 0 0
49112 0 1 0 0
49231 1 0 0 0
49350 0 1 0 0
49469 0 0 0 1
49588 0 0 1 0
49707 0 1 0 0
49826 1 0 0 0
49945 1 0 0 0
50065 0 1 1 0
50184 1 0 0 0
50303 0 1 0 1
50422 0 0 1 0
50541 1 0 1 0
50660 0 1 0 0
50779 0 0 1 1
50898 0 0 0 1
51017 0 0 1 0
51136 0 1 0 0
51255 1 0 0 1
51374 1 0 0 0
51493 0 1 1 0
51612 1 0 0 0
51731 0 1 0 1
51850 0 0 1 0
51969 0 1 0 1
52088 0 0 1 0
52207 1 1 0 0
52326 0 0 1 0
52445 0 1 0 0
52565 0 0 1 0
52684 1 1 0 0
52803 1 0 0 0
52922 0 1 0 0
53041 1 0 0 0
53160 1 0 0 0
53279 0 1 0 0
53398 1 1 0 0
53517 0 1 0 0
53636 1 0 1 0
53755 0 1 0 0
53874 1 0 1 0
53993 0 1 0 0
54112 0 1 1 0
54231 0 1 0 0
54350 0 0 1 0
54469 0 0 0 0
54588 0 1 0 0
54707 0 0 1 0
54826 0 1 1 0
54945 0 0 0 1
55065 0 1 1 0
55184 0 1 0 0
55303 1 0 1 0
55422 0 1 0 0
55541 1 1 0 0
55660 0 0 1 0
55779 0 1 0 1
55898 1 0 0 0
56017 1 1 0 0
56136 0 0 1 0
56255 0 0 1 1
56374 0 0 0 0
56493 1 0 0 1
56612 0 0 0 0
56731 0 1 0 1
56790 0 0 1 0
56850 0 1 0 0
56969 1 0 1 0
57088 0 0 0 0
57207 1 0 0 1
57326 0 0 0 0
57445 1 0 1 0
57565 0 0 0 1
57684 1 1 0 0
57803 1 0 0 0
57922 1 0 1 0
58041 0 0 0 0
58160 1 1 0 0
58279 0 0 0 0
58398 0 1 1 0
58517 0 0 0 0
58636 0 1 1 0
58755 0 0 0 0
58874 0 0 1 1
58993 0 1 0 0
59112 0 1 1 0
59231 0 0 0 1
59350 0 1 1 0
59469 0 0 0 0
59588 0 0 1 0
59707 1 0 0 0
59826 0 1 1 0
59945 0 0 0 0
60065 0 0 1 1
60184 0 0 0 0
60303 1 1 0 0
60422 0 0 0 0
60541 0 0 1 1
60660 0 0 0 0
60779 1 1 0 0
60898 0 0 0 0
61017 0 0 1 1
61136 0 0 0 0
61255 1 1 0 0
61374 0 0 1 0
61493 0 1 0 0
61612 1 0 0 0
61731 0 1 1 0
61850 0 0 1 0
61969 1 0 0 1
62088 0 1 0 0
62207 0 0 1 0
62326 0 0 0 1
62445 0 1 1 0
62565 0 1 0 0
62684 1 0 0 0
62803 1 0 0 0
62922 0 1 0 0
63041 1 0 0 0
63160 0 1 1 0
63279 0 0 1 0
63398 0 0 0 1
63517 0 0 1 0
63636 0 1 1 0
63755 0 0 1 0
63874 0 1 0 0
63993 0 0 1 0
64112 1 1 0 0
64231 1 0 0 0
64350 1 0 0 0
64469 1 0 0 0
64588 1 1 0 0
64707 0 1 0 0
64826 1 0 1 0
64945 0 1 0 0
65065 0 0 0 1
65184 0 1 0 0
65303 1 0 0 0
65422 0 1 0 0
65541 0 1 1 0
65660 0 1 0 0
65779 1 1 1 1
65898 1 0 0 1
66017 0 1 0 1
66136 0 0 1 0
66255 0 1 0 1
66374 0 1 0 0
66493 1 0 1 0
66612 1 0 0 0
66731 0 1 1 0
66850 0 1 0 0
66969 1 0 0 0
67088 0 1 0 0
67207 0 1 1 0
67326 0 0 0 0
67445 1 0 1 0
67565 0 1 0 0
67684 0 0 1 1
67803 0 0 0 0
67922 0 0 1 1
68041 0 0 0 0
68160 0 1 0 1
68279 0 0 1 0
68398 1 1 0 0
68517 0 0 0 0
68636 0 1 1 0
68755 0 0 0 0
68874 0 0 1 0
68993 0 1 0 0
69112 0 1 0 1
69231 1 0 0 0
69350 1 0 1 0
69469 0 0 0 0
69588 0 1 0 0
69707 0 0 0 0
69826 1 0 1 0
69945 0 0 0 0
70065 1 0 0 1
70184 0 0 1 0
70303 0 1 0 0
70422 0 1 0 0
70541 0 0 1 0
70660 0 0 1 0
70779 0 0 0 1
70898 0 0 0 0
71017 0 1 0 0
71136 1 0 0 0
71255 1 0 0 0
71374 0 0 0 0
71493 0 1 0 0
71612 0 0 0 0
71731 0 0 1 0
71850 0 0 0 0
71969 0 0 1 0
72088 0 0 0 0
72207 0 0 1 0
72326 0 0 1 0
72445 0 0 1 0
72565 0 0 1 0
72684 0 0 1 0
72803 0 0 1 0
72922 0 0 1 0
73636 0 0 1 0
73874 1 0 0 0
74112 0 1 0 0
74350 0 0 1 0
74826 0 0 1 0
75065 0 0 0 1
75422 0 1 0 0
75779 0 0 1 0
76493 0 0 1 0
76966 0 1 0 0
77207 0 1 0 0
77684 1 0 0 0
77922 1 0 0 0
78279 0 1 0 0
78636 1 0 0 0
79350 1 0 0 0
79826 0 0 1 0
80065 0 1 0 0
80541 1 0 0 0
80779 1 0 0 0
81136 0 0 1 0
81493 0 1 0 0
82207 0 1 0 0
82684 0 1 0 0
82922 0 0 0 1
83041 0 0 1 0
83160 0 1 0 0
83279 0 0 1 0
83398 0 1 0 0
83517 1 0 0 0
83636 0 0 0 1
83755 0 0 1 0
83874 0 1 0 0
83993 0 0 1 0
84112 0 0 0 0
84231 0 0 0 0
84350 0 0 0 1
84469 0 0 0 1
84588 0 0 0 1
84707 0 0 0 1
84826 0 0 1 0
84945 0 0 1 0
85065 0 1 0 0
85184 0 1 0 0
85303 0 0 1 0
85422 0 0 1 0
85541 0 1 0 0
85660 0 1 0 0
85779 0 0 0 1
85898 0 0 0 0
86017 0 0 0 1
86136 0 0 0 0
86255 1 0 0 0
86374 1 0 0 0
86493 0 1 0 0
86612 1 0 0 0
86731 1 0 0 0
86850 1 0 0 0
86969 0 1 0 0
87088 1 0 0 0
87207 0 0 1 0
87326 0 1 0 0
87445 0 0 1 0
87565 0 1 0 0
87684 1 0 0 0
87803 1 0 0 0
87922 0 1 0 0
88041 1 0 0 0
88160 0 0 1 0
88279 0 1 0 0
88398 0 0 1 0
88517 0 1 0 0
88636 0 0 1 0
88755 0 1 0 0
88874 1 0 0 0
88993 1 0 0 0
89112 1 0 0 0
89231 1 0 0 0
89350 0 0 1 0
89469 0 1 0 0
89588 0 1 0 0
89707 1 0 0 0
89826 0 1 0 0
89945 1 0 0 0
90065 1 0 0 0
90303 0 1 0 0
90541 1 0 0 0
90779 0 1 0 0
91017 0 1 0 0
91255 0 0 1 0
91493 0 0 1 0
91731 0 0 0 1
91969 0 0 1 0
92207 0 0 0 1
92445 0 0 1 0
92684 0 0 0 1
92922 1 0 0 0
93160 0 1 0 0
93279 0 0 1 0
93398 0 1 0 0
93636 0 0 1 0
93755 0 0 0 1
93874 0 0 1 0
94945 0 1 0 0
95065 1 0 0 0
95684 0 1 0 0
96493 0 0 1 0
96731 0 1 0 0
96850 0 0 1 0
96969 1 0 0 0
97088 0 1 0 0
97207 0 0 0 1
97326 0 0 1 0
97445 1 0 0 0
97565 0 0 1 0
97684 0 1 0 0
97803 0 0 0 1
97922 0 0 1 0
98041 1 0 0 0
98160 0 0 1 0
98279 0 1 0 0
98398 0 0 0 1
98517 0 1 0 0
98636 0 0 1 0
98874 0 1 0 0
98993 0 0 1 0
99112 0 0 0 1
99231 0 1 0 0
99350 1 0 0 0
99588 0 1 0 0
99707 0 0 1 0
99826 0 0 0 1
99945 0 1 0 0
100065 0 0 1 0
100184 0 0 0 1
100303 0 0 1 0
100422 0 1 0 0
100541 1 0 0 0
100660 0 1 0 0
100779 0 0 1 0
100898 0 1 0 0
101017 0 0 1 0
101136 0 0 1 0
101255 0 1 0 0
101374 1 0 0 0
101493 0 1 0 0
101612 1 0 0 0
101731 1 0 0 0
101850 0 0 1 0
101969 0 0 0 1
102088 0 1 0 0
102207 0 1 0 0
102326 1 0 0 0
102445 1 0 0 0
102565 0 0 1 0
102684 0 0 0 1
102803 0 0 0 0
102922 0 0 1 0
103041 0 0 0 1
103160 0 0 1 0
103279 0 1 0 0
103398 1 0 0 0
103517 0 1 0 0
103636 0 0 1 0
103755 0 1 0 0
103874 0 1 0 0
103993 0 0 1 0
104112 0 0 0 1
104231 0 0 1 0
104350 0 1 0 0
104469 1 0 0 0
104588 1 0 0 0
104707 0 0 1 0
104826 0 1 0 0
104945 0 0 0 0
105065 0 0 1 0
105184 0 1 0 0
105303 0 1 0 0
105422 0 0 1 0
105541 0 0 0 1
105660 0 0 0 0
105779 0 1 0 0
105898 0 0 1 0
106017 0 0 0 1
106136 0 0 1 0
106255 0 1 0 0
106374 1 0 0 0
106493 0 0 1 0
106612 0 1 0 0
106731 1 0 0 0
106850 0 1 0 0
106969 0 1 0 0
107029 0 1 0 0
107088 0 1 0 0
107147 0 1 0 0
107207 0 1 0 0
107326 1 0 0 0
107445 1 0 0 0
107565 0 1 0 0
107684 0 0 1 0
107803 0 1 0 0
107922 0 1 0 0
108041 1 0 0 0
108160 1 0 0 0
108279 0 1 0 0
108398 0 0 1 0
108517 0 1 0 0
108636 0 0 1 0
108755 0 1 0 0
108874 0 1 0 0
108993 0 0 1 0
109112 0 0 0 1
109231 0 0 1 0
109350 0 0 1 0
109469 0 1 0 0
109588 0 1 0 0
109707 0 0 0 1
109826 0 1 0 0
109945 0 0 1 0
110065 0 1 0 0
110184 1 0 0 0
110303 1 0 0 0
110422 0 1 0 0
110541 0 0 1 0
110660 0 1 0 0
110779 0 1 0 0
110898 1 0 0 0
111017 1 0 0 0
111136 0 1 0 0
111255 0 0 1 0
111374 0 1 0 0
111493 1 0 0 0
111612 1 0 0 0
111731 1 0 0 0
111850 0 0 1 0
111969 0 0 1 0
112088 0 0 1 0
112207 0 1 0 0
112326 0 1 0 0
112445 1 0 0 0
112565 0 1 0 0
112684 0 1 0 0
112803 0 0 1 0
112922 0 0 0 1
113041 0 0 1 0
113160 0 0 0 1
113279 0 0 1 0
113398 0 0 0 1
113517 0 0 1 0
113636 0 0 0 1
113755 0 0 1 0
113874 0 0 0 1
113993 0 0 1 0
114112 0 1 0 0
114231 1 0 0 0
114350 0 0 1 0
114469 0 1 0 0
114588 0 0 1 0
114707 0 0 0 1
114826 0 1 0 0
114945 0 0 1 0
115065 0 0 1 0
115184 0 1 0 0
115303 0 0 1 0
115422 0 0 0 1
115541 0 0 0 1
115660 0 0 0 1
115779 0 0 1 0
115898 0 1 0 0
116017 0 0 1 0
116136 0 0 0 1
116255 0 0 1 0
116374 0 1 0 0
116493 0 1 0 0
116612 1 0 0 0
116731 0 1 0 0
116850 0 0 1 0
116969 0 1 0 0
117088 1 0 0 0
117207 0 0 1 0
117326 0 1 0 0
117445 0 0 1 0
117565 0 0 0 1
117684 0 0 1 0
117803 0 1 0 0
117922 0 1 0 0
118041 1 0 0 0
118160 0 1 0 0
118279 0 0 1 0
118398 0 0 1 0
118517 0 0 0 1
118636 0 0 0 1
118874 0 0 0 1
119112 0 0 0 1
119350 0 0 0 1
119588 0 0 0 1
119826 0 0 0 1
120065 0 0 0 1
120303 0 0 0 1
120541 0 0 0 1
120779 0 0 0 1
121017 0 0 0 1
121255 0 0 0 1
121374 0 0 0 1
121493 0 0 0 1
121612 0 0 0 1
121731 0 0 0 1
121850 0 0 0 1
121969 0 0 0 1
122088 0 0 0 1
122207 0 0 0 1
122326 0 0 0 1
122445 0 0 0 1
122565 0 0 0 1
122684 0 0 0 1
122922 0 0 1 0
122981 0 1 0 0
123041 0 0 1 0
123100 0 1 0 0
123160 0 0 1 0
123219 0 1 0 0
123279 0 0 1 0
123338 0 1 0 0
123398 0 0 1 0
123457 0 1 0 0
123517 0 0 1 0
123576 0 1 0 0
123636 0 0 1 0
123695 0 1 0 0
123755 0 0 1 0
123814 0 1 0 0
123874 0 0 1 0
123933 0 1 0 0
123993 0 0 1 0
124053 0 1 0 0
124113 0 0 1 0
124172 0 1 0 0
124232 0 0 1 0
124291 0 1 0 0
124351 1 0 0 0
124410 0 0 0 1
124470 1 0 0 0
124529 0 0 0 1
124589 1 0 0 0
124648 0 0 0 1
124708 1 0 0 0
124767 0 0 0 1
124827 1 0 0 0
124886 0 0 0 1
124946 1 0 0 0
125005 0 0 0 1
125065 1 0 0 0
125124 0 0 0 1
125184 1 0 0 0
125244 0 0 0 1
125304 1 0 0 0
125363 0 0 0 1
125423 1 0 0 0
125482 0 0 0 1
125542 1 0 0 0
125601 0 0 0 1
125661 1 0 0 0
125720 0 0 0 1
125780 1 0 1 0
125839 0 1 0 1
125899 1 0 1 0
125958 0 1 0 1
126018 1 0 1 0
126077 0 1 0 1
126137 1 0 1 0
126196 0 1 0 1
126256 1 0 1 0
126315 0 1 0 1
126375 1 0 1 0
126435 0 1 0 1
126495 1 0 1 0
126554 0 1 0 1
126614 1 0 1 0
126673 0 1 0 1
126733 1 0 1 0
126792 0 1 0 1
126852 1 0 1 0
126911 0 1 0 1
126971 1 0 1 0
127030 0 1 0 1
127090 1 0 1 0
127149 0 1 0 1
127209 0 0 1 0
128636 0 0 1 0
129112 0 0 1 0
129231 0 0 1 0
129350 0 0 1 0
129469 0 0 1 0
129588 0 0 1 0
129707 0 0 1 0
129826 0 0 1 0
129945 0 0 1 0
130065 1 0 1 0
130303 0 1 0 0
130541 1 0 1 0
130779 0 0 0 1
131017 0 1 1 0
131255 1 0 0 0
131493 0 0 1 1
131731 0 1 0 0
131850 1 0 0 0
131969 0 1 1 0
132207 0 0 0 1
132445 0 1 1 0
132684 1 0 0 0
132922 0 1 0 0
133160 0 0 1 0
133279 0 1 0 0
133398 1 0 0 1
133636 0 0 1 0
133874 0 1 0 0
133993 0 1 1 0
134112 0 1 0 0
134231 0 0 0 1
134350 1 0 0 1
134588 0 1 0 0
134707 0 0 1 0
134826 0 1 1 0
135065 0 0 0 1
135303 1 0 0 1
135541 1 0 0 0
135779 0 0 1 1
136017 0 1 0 0
136255 0 0 1 1
136493 1 0 0 0
136731 0 1 1 0
136969 0 0 0 1
137207 1 0 1 0
137445 0 1 0 0
137565 0 0 0 1
137684 0 1 1 0
137922 1 0 0 0
138160 0 1 1 0
138398 0 0 0 1
138636 0 1 0 0
138874 0 0 1 0
138993 0 1 0 0
139112 1 0 0 1
139350 0 0 1 0
139588 0 1 0 0
139707 0 1 1 0
139826 0 1 0 0
139945 1 0 0 0
140065 1 0 0 1
140303 0 1 0 0
140422 0 0 1 0
140541 0 1 1 0
140779 1 0 0 0
141017 1 0 0 1
141255 0 1 0 0
141374 0 1 0 0
141493 1 0 0 1
141731 0 0 1 0
141969 1 0 0 1
142207 0 1 0 0
142445 0 0 1 1
142684 1 0 0 0
142922 0 1 0 1
143160 0 0 1 0
143279 1 0 0 0
143398 0 0 1 1
143636 0 1 0 0
143874 0 0 1 1
144112 1 0 0 0
144350 0 0 1 0
144588 0 0 0 1
144707 0 0 1 0
144826 1 1 0 0
145065 0 0 0 1
145303 0 0 1 0
145422 0 0 1 1
145541 0 0 1 0
145660 0 1 0 0
145779 1 1 0 0
146017 0 0 1 0
146136 0 0 0 1
146255 0 0 1 1
146493 0 1 0 0
146731 1 1 0 0
146969 0 0 1 0
147207 1 0 1 0
147445 0 0 1 0
147565 0 0 0 1
147684 0 1 0 1
147922 0 0 1 0
148160 1 0 1 0
148279 0 1 0 0
148398 0 0 1 0
148517 0 1 0 0
148636 1 0 1 0
148874 1 0 0 0
148993 0 1 0 0
149112 0 0 1 0
149350 0 1 0 0
149469 1 0 0 0
149588 1 1 0 0
149826 1 0 0 0
149945 0 1 0 0
150065 0 1 1 0
150303 0 1 0 0
150422 0 0 1 0
150541 1 0 0 1
150779 0 0 1 0
151017 0 1 0 1
151136 0 0 1 0
151255 0 1 0 0
151374 0 0 1 0
151493 1 0 0 1
151731 0 1 0 0
151969 0 1 0 0
152088 0 1 0 0
152207 0 1 0 0
152326 0 1 0 0
152445 0 1 0 0
152505 0 1 0 0
152564 0 1 0 0
152624 0 1 0 0
152684 0 1 0 0
152743 0 1 0 0
152803 0 1 0 0
152862 0 1 0 0
152922 1 1 1 1
154112 0 1 0 0
154350 0 0 1 0
154850 0 1 0 0
154993 0 0 1 0
155112 0 0 0 1
155207 0 0 1 0
155303 0 1 0 0
155779 1 0 0 0
157684 1 0 0 0
158160 0 1 0 0
158636 0 0 1 0
159588 0 0 0 1
160065 0 0 1 0
160541 0 1 0 0
161017 1 0 0 0
161493 0 1 0 0
163636 0 0 0 1
163874 0 0 1 0
164112 0 1 0 0
164171 1 0 0 0
164231 0 1 0 0
164290 0 0 1 0
164349 0 0 0 1
165184 0 0 0 1
165303 0 0 0 1
165422 0 0 0 1
165541 0 0 0 1
165660 0 0 0 1
165779 0 0 1 0
165898 0 0 1 0
166017 0 0 1 0
166136 0 0 1 0
166255 0 0 0 1
166374 0 0 0 1
166493 0 0 0 1
166612 0 0 0 1
166731 0 0 1 0
166850 0 0 1 0
166969 0 0 1 0
167088 0 0 1 0
167207 0 1 0 0
167326 0 1 0 0
167445 0 1 0 0
167565 0 1 0 0
167684 0 1 0 0
167803 0 1 0 0
167922 0 1 0 0
168041 0 1 0 0
168160 0 1 0 0
168279 0 1 0 0
168398 0 1 0 0
168517 0 1 0 0
168636 1 0 0 0
168755 1 0 0 0
168874 1 0 0 0
168993 1 0 0 0
169112 0 1 0 0
169231 0 1 0 0
169350 1 0 0 0
169469 0 1 0 0
169588 0 1 0 0
169707 0 0 1 0
169826 0 1 0 0
169886 1 0 0 0
169945 0 1 0 0
170004 1 0 0 0
170063 0 1 0 0
171255 0 0 1 0
171493 0 0 1 0
171731 0 0 1 0
171969 0 0 1 0
172207 0 0 1 0
172445 0 0 1 0
172684 0 0 1 0
172922 0 0 1 0
173041 0 0 1 0
173160 0 0 1 0
173279 0 0 1 0
173398 0 0 1 0
173517 0 0 1 0
173636 0 0 1 0
173755 0 0 1 0
173874 0 0 1 0
173993 0 0 1 0
174112 0 0 1 0
174231 0 0 1 0
174350 0 0 0 1
174409 0 0 1 0
174469 0 0 0 1
174528 0 0 1 0
174588 0 0 0 1
174647 0 0 1 0
174707 0 0 0 1
174766 0 0 1 0
174826 0 0 0 1
174885 0 0 1 0
174945 0 0 0 1
175004 0 0 1 0
175064 0 0 0 1
175123 0 0 1 0
175183 0 0 0 1
175242 0 0 1 0
175302 0 0 0 1
175361 0 0 1 0
175421 0 0 0 1
175480 0 0 1 0
175540 0 0 0 1
175599 0 0 1 0
175659 0 0 0 1
175718 0 0 1 0
175778 0 1 0 0
176136 1 0 0 0
176493 0 0 0 1
176850 0 1 0 0
177207 0 0 1 0
177565 0 1 0 0
178255 1 0 0 0
178612 0 1 0 0
179350 1 0 0 0
180303 1 0 0 0
180779 0 1 0 0
181136 0 0 0 1
181493 0 0 1 0
182565 0 1 0 0
182922 0 0 0 1
183850 0 1 0 0
184088 0 0 1 0
184326 0 0 1 0
184707 1 0 0 0
185065 0 0 0 1
186969 0 1 0 0
187029 0 0 1 0
187088 0 1 0 0
187148 1 0 0 0
187207 0 1 0 0
187326 1 0 0 0
187445 0 1 0 0
187565 0 1 0 0
187684 1 0 0 0
187803 1 0 0 0
187922 0 1 0 0
188041 1 0 0 0
188160 1 0 0 0
188279 0 1 0 0
188398 0 0 1 0
188457 0 0 0 1
188517 0 0 1 0
188576 0 1 0 0
188636 1 0 0 0
188755 1 0 0 0
188874 0 1 0 0
188993 1 0 0 0
189112 1 0 0 0
189231 0 1 0 0
189350 1 0 0 0
189469 1 0 0 0
189588 0 1 0 0
189707 1 0 0 0
189826 1 0 0 0
189886 0 1 0 0
189945 1 0 0 0
190005 0 0 1 0
190064 0 0 0 1
190184 0 0 1 0
190303 0 1 0 0
190422 0 1 0 0
190541 0 0 1 0
190660 0 1 0 0
190779 0 1 0 0
190898 0 0 1 0
191017 0 1 0 0
191136 0 1 0 0
191255 0 0 1 0
191314 0 1 0 0
191374 1 0 0 0
191433 0 0 0 1
191493 0 0 1 0
191612 0 0 1 0
191731 0 0 1 0
191850 0 0 0 1
191969 0 0 1 0
192088 0 1 0 0
192207 0 0 0 1
192326 0 0 1 0
192445 1 0 0 0
192565 0 0 1 0
192684 0 1 0 0
192744 0 0 1 0
192803 0 1 0 0
192863 1 0 0 0
192922 0 1 0 0
192982 1 0 0 0
193041 0 1 0 0
193101 0 1 0 0
193160 1 0 0 0
193279 1 0 0 0
193398 0 1 0 0
193518 1 0 0 0
193637 1 0 0 0
193756 0 1 0 0
193875 0 0 1 0
193994 0 0 0 1
194113 0 0 1 0
194232 0 1 0 0
194351 1 0 0 0
194410 1 0 0 0
194470 0 1 0 0
194529 1 0 0 0
194589 1 0 0 0
194708 0 1 0 0
194827 1 0 0 0
194946 1 0 0 0
195065 0 1 0 0
195184 1 0 0 0
195303 1 0 0 0
195422 0 1 0 0
195541 1 0 0 0
195660 0 0 1 0
195779 0 0 0 1
195839 0 0 1 0
195898 0 1 0 0
195958 0 1 0 0
196017 0 0 1 0
196137 0 1 0 0
196256 0 1 0 0
196375 0 0 1 0
196494 0 1 0 0
196613 0 1 0 0
196732 0 0 1 0
196851 0 1 0 0
196970 1 0 0 0
197089 0 0 0 1
197207 0 0 1 0
198457 1 0 0 0
198517 1 0 0 0
198576 1 0 0 0
198636 1 0 0 0
198874 0 1 0 0
199112 1 0 0 0
199350 0 0 0 1
199588 1 0 0 0
199826 0 1 0 0
200065 0 1 0 0
200303 1 0 0 0
200541 0 0 1 0
200779 1 0 0 0
201017 0 0 1 0
201255 0 1 0 0
201493 0 0 1 0
201731 0 1 0 0
201969 0 0 0 1
202207 0 1 0 0
202445 0 0 0 1
202684 0 0 1 0
202922 1 0 0 0
203160 0 1 0 0
203398 0 1 0 0
203636 0 1 0 0
203874 0 1 0 0
204112 0 1 0 0
204172 1 0 0 0
204231 0 1 0 0
204291 1 0 0 0
204350 0 1 0 0
204588 0 0 1 0
204826 0 0 1 0
205065 0 0 1 0
205303 0 0 1 0
205541 0 0 1 0
205779 0 0 1 0
206017 0 0 0 1
206255 0 0 0 1
206493 0 0 0 1
206731 0 0 0 1
206969 0 0 0 1
207207 0 0 0 1
207445 0 0 1 0
207684 0 0 1 0
207922 0 0 1 0
208160 0 0 1 0
208398 0 0 1 0
208636 0 0 1 0
208874 0 1 0 0
209112 0 1 0 0
209350 0 1 0 0
209588 0 1 0 0
209826 0 1 0 0
211493 0 0 1 0
211553 0 1 0 0
211612 0 0 1 0
211672 0 1 0 0
211731 0 0 1 0
211791 0 1 0 0
211850 0 0 1 0
211910 0 1 0 0
211970 0 0 1 0
212030 0 1 0 0
212089 0 0 1 0
212149 0 1 0 0
212208 0 0 1 0
212268 0 1 0 0
212327 0 0 1 0
212387 0 1 0 0
212446 0 0 1 0
212506 0 1 0 0
212565 0 0 1 0
212625 0 1 0 0
212684 0 0 1 0
212744 0 1 0 0
212803 0 0 1 0
212863 0 1 0 0
212922 0 0 1 1
212982 1 1 0 0
213041 0 0 1 1
213101 1 1 0 0
213161 0 0 1 1
213221 1 1 0 0
213280 0 0 1 1
213340 1 1 0 0
213399 0 0 1 1
213459 1 1 0 0
213518 0 0 1 1
213578 1 1 0 0
213637 0 0 1 1
213697 1 1 0 0
213756 0 0 1 1
213816 1 1 0 0
213875 0 0 1 1
213935 1 1 0 0
213994 0 0 1 1
214054 1 1 0 0
214113 0 0 1 1
214173 1 1 0 0
214232 0 0 1 1
214292 1 1 0 0
214352 1 0 1 0
214412 0 1 0 1
214471 1 0 1 0
214531 0 1 0 1
214590 1 0 1 0
214650 0 1 0 1
214709 1 0 1 0
214769 0 1 0 1
214828 1 0 1 0
214888 0 1 0 1
214947 1 0 1 0
215007 0 1 0 1
215066 1 0 1 0
215126 0 1 0 1
215185 1 0 1 0
215245 0 1 0 1
215304 1 0 1 0
215364 0 1 0 1
215423 1 0 1 0
215483 0 1 0 1
215543 1 0 1 0
215603 0 1 0 1
215662 1 0 1 0
215722 0 1 0 1
215781 0 0 1 0
215841 0 0 1 0
215900 0 0 1 0
215960 0 0 1 0
216019 0 0 1 0
216079 0 0 1 0
216138 0 0 1 0
216198 0 0 1 0
216257 0 0 1 0
216317 0 0 1 0
216376 0 0 1 0
216436 0 0 1 0
216495 0 0 1 0
216555 0 0 1 0
216614 0 0 1 0
216674 0 0 1 0
216734 0 0 1 0
216794 0 0 1 0
216853 0 0 1 0
216913 0 0 1 0
216972 0 0 1 0
217032 0 0 1 0
217091 0 0 1 0
217151 0 0 1 0
217210 0 1 1 0
217684 0 0 1 0
217803 0 0 1 0
217922 0 0 1 0
218041 0 0 1 0
218160 0 0 1 0
218279 0 0 1 0
218398 0 0 1 0
218517 0 0 1 0
218636 0 1 1 0
218874 0 1 0 0
218993 0 0 1 0
219112 0 1 1 0
219231 0 1 0 0
219350 0 0 1 0
219469 0 0 0 0
219588 0 1 1 0
219707 0 0 1 0
219826 0 0 1 0
219945 0 0 1 0
220065 1 0 0 1
220184 0 1 0 0
220303 0 0 1 0
220422 1 0 0 0
220541 0 1 1 0
220660 0 0 1 0
220779 0 1 0 0
220898 1 0 0 0
221017 1 0 0 1
221136 0 0 1 0
221255 0 1 0 0
221374 0 1 0 0
221493 0 1 1 0
221612 0 0 1 0
221731 0 0 1 0
221850 0 0 1 0
221969 0 1 1 0
222088 0 0 0 0
222207 0 0 1 0
222326 0 0 0 1
222445 0 1 1 0
222565 0 0 0 1
222684 0 1 0 0
222803 0 0 1 0
222922 1 0 0 1
223041 0 0 0 0
223160 0 1 0 0
223279 0 0 1 0
223398 0 1 1 0
223517 0 1 0 0
223636 0 0 1 0
223755 0 0 0 1
223874 1 0 0 1
223993 0 1 0 0
224112 0 1 0 0
224231 0 1 0 0
224350 0 1 1 0
224469 0 0 0 0
224588 0 1 0 0
224707 0 0 1 0
224826 1 0 0 1
224945 0 0 0 1
225065 0 0 0 1
225184 0 0 0 1
225303 0 1 1 0
225422 0 1 0 0
225541 0 1 0 0
225660 0 1 0 0
225779 1 0 0 1
225898 1 0 0 0
226017 1 0 0 0
226136 1 0 0 0
226255 1 0 0 1
226374 0 0 0 1
226493 0 0 0 1
226612 0 0 0 1
226731 0 1 1 0
226850 0 0 0 0
226969 0 0 0 1
227088 0 0 0 0
227207 1 0 0 1
227326 0 0 0 0
227445 0 0 1 0
227565 0 1 0 0
227684 0 1 1 0
227803 0 0 0 1
227922 0 0 0 1
228041 0 0 0 1
228160 1 0 0 1
228279 0 0 0 1
228398 0 0 0 1
228517 0 0 0 1
228636 1 0 0 1
228755 0 0 0 1
228874 0 0 0 1
228993 0 0 0 1
229112 0 1 1 0
229231 0 1 1 0
229350 0 0 1 0
229469 0 0 0 0
229588 1 1 0 0
229707 0 0 0 0
229826 0 1 1 0
229945 0 0 1 0
230065 1 1 0 0
230184 0 0 0 0
230303 0 1 0 0
230422 0 0 1 0
230541 0 1 1 0
230660 0 1 0 0
230779 0 0 1 0
230898 0 0 0 0
231017 0 1 1 0
231136 0 0 1 0
231255 0 0 1 0
231374 0 0 1 0
231493 1 0 0 1
231612 0 1 0 0
231731 0 0 1 0
231850 1 0 0 0
231969 0 1 1 0
232088 0 0 1 0
232207 0 1 0 0
232326 1 0 0 0
232445 1 0 0 1
232565 0 0 1 0
232684 0 1 0 0
232803 0 1 0 0
232922 0 1 1 0
233041 0 0 1 0
233160 0 0 1 0
233279 0 0 1 0
233398 0 1 1 0
233517 0 0 0 0
233636 0 0 1 0
233755 0 0 0 1
233874 0 1 1 0
233993 0 0 0 1
234112 0 1 0 0
234231 0 0 1 0
234350 1 0 0 1
234469 0 0 0 0
234588 0 1 0 0
234707 0 0 1 0
234826 0 1 1 0
234945 0 1 0 0
235065 0 0 1 0
235184 0 0 0 1
235303 1 0 0 1
235422 0 1 0 0
235541 0 1 0 0
235660 0 1 0 0
235779 0 1 1 0
235898 0 0 0 0
236017 0 1 0 0
236136 0 0 1 0
236255 1 0 0 1
236374 0 0 0 1
236493 0 0 0 1
236612 0 0 0 1
236731 0 1 1 0
236850 0 1 0 0
236969 0 1 0 0
237088 0 1 0 0
237207 1 0 0 1
237326 1 0 0 0
237445 1 0 0 0
237565 1 0 0 0
237684 1 0 0 1
237803 0 0 0 1
237922 0 0 0 1
238041 0 0 0 1
238160 0 1 1 0
238279 0 0 0 0
238398 0 0 0 1
238517 0 0 0 0
238636 1 0 0 1
238755 0 0 0 0
238874 0 0 1 0
238993 0 1 0 0
239112 0 1 1 0
239231 0 0 0 1
239350 0 0 0 1
239469 0 0 0 1
239588 1 0 0 1
239707 0 0 0 1
239826 0 0 0 1
239945 0 0 0 1
240065 1 0 0 1
240184 0 0 0 1
240303 0 0 0 1
240422 0 0 0 1
240541 0 0 1 0
240601 0 1 0 0
240660 0 0 1 0
240720 0 1 0 0
240779 0 0 1 0
240839 0 1 0 0
240898 0 0 1 0
240958 0 1 0 0
241017 0 0 1 0
241077 0 1 0 0
241136 0 0 1 0
241196 0 1 0 0
241255 1 0 1 0
241315 0 1 0 1
241374 1 0 1 0
241434 0 1 0 1
241493 1 0 1 0
241731 0 0 0 0
241969 0 1 1 0
242207 0 0 1 0
242445 1 0 0 1
242684 0 1 0 0
242922 1 1 1 0
243160 0 1 0 0
243398 1 0 0 1
243636 0 0 1 0
243874 0 1 1 0
244112 0 0 1 0
244171 1 0 0 0
244230 0 1 0 0
244290 0 0 1 0
244350 1 0 0 1
244588 0 1 0 0
244826 0 1 1 0
245065 1 1 0 0
245303 1 0 0 1
245541 0 0 1 0
245779 0 1 1 1
246017 0 0 1 0
246255 1 0 0 1
246493 0 1 0 1
246731 0 1 1 0
246969 1 1 0 0
247207 1 0 0 1
247445 0 1 1 0
247684 0 1 1 0
247922 0 0 1 0
248160 1 0 0 1
248398 0 1 0 0
248636 0 1 1 0
248874 0 1 0 0
249112 1 0 0 1
249350 0 0 1 1
249588 0 1 1 0
249826 0 1 1 0
250065 1 1 0 1
250303 0 1 0 0
250541 0 1 1 0
250779 0 1 0 0
251017 1 0 0 1
251255 0 0 1 0
251493 0 1 1 1
251731 0 0 1 0
251969 1 0 0 1
252207 0 1 0 0
252445 0 1 1 0
252684 0 1 0 1
252803 0 0 1 0
252922 1 1 0 1
253160 0 0 1 0
253398 0 1 1 0
253636 0 0 1 0
253874 1 0 1 1
254112 0 1 0 0
254350 1 1 1 0
254588 0 1 0 0
254826 1 0 0 1
255065 0 0 1 0
255303 0 1 1 0
255541 0 0 1 0
255779 1 0 1 1
256017 0 1 0 0
256255 0 1 1 0
256493 1 1 0 0
256731 1 0 0 1
256969 0 0 1 0
257207 0 1 1 1
257445 0 0 1 0
257684 1 0 0 1
257922 0 1 1 0
258160 0 1 1 0
258398 0 1 0 1
258636 1 1 0 1
258874 0 0 1 0
259112 0 1 1 0
259350 0 0 1 0
259588 1 0 1 1
259826 0 1 0 0
260065 0 1 1 1
260303 0 1 0 0
260541 1 0 0 1
260779 0 0 1 0
261017 0 1 1 1
261255 0 0 1 0
261493 1 0 1 1
261731 0 1 0 0
261969 0 1 1 0
262207 0 1 0 0
262445 1 0 0 1
262684 0 0 1 0
262922 0 1 1 0
263160 0 0 1 0
263392 1 0 0 1
263452 0 0 1 0
263511 0 1 0 0
263571 0 0 1 0
263630 0 1 0 0
263690 0 0 1 0
263749 0 1 0 0
263809 0 0 1 0
263869 0 1 0 0
263929 0 0 1 0
263988 0 1 0 0
264048 0 0 1 0
264107 0 1 0 0
264167 0 0 1 0
264226 0 1 0 0
264286 0 0 1 0
264345 1 1 1 1
264588 0 1 0 0
264707 0 0 1 0
264826 0 1 0 0
264945 1 0 0 0
265065 0 1 0 0
265184 0 0 1 0
265303 0 0 0 1
265422 0 0 1 0
265541 0 1 0 0
265660 1 0 0 0
265779 0 1 0 0
265898 1 0 0 0
266017 0 1 0 0
266136 0 0 1 0
266201 0 1 0 0
266255 0 0 1 0
266374 0 0 0 1
266493 0 0 1 0
266612 1 0 0 0
266731 0 1 0 0
266850 0 0 1 0
266969 0 0 0 1
267088 0 0 1 0
267207 0 1 0 0
267326 1 0 0 0
267445 0 1 0 0
267565 0 0 1 0
267684 0 1 0 0
267803 0 0 1 0
267922 0 0 0 1
268041 0 0 1 0
268150 0 1 0 0
268222 0 0 1 0
268279 0 1 0 0
268398 0 0 0 1
268517 0 1 0 0
268636 0 0 1 0
268874 0 1 0 0
268993 0 0 1 0
269065 0 1 0 0
269112 1 0 0 0
269303 0 0 0 1
269350 0 0 1 0
269469 0 1 0 0
269588 1 0 0 0
269707 0 1 0 0
269826 0 0 1 0
269885 0 0 1 0
269945 0 0 1 0
270005 0 0 1 0
270065 1 1 1 1
270303 1 0 0 0
270541 0 0 1 0
270779 0 0 0 1
271017 0 0 1 0
271255 0 1 0 0
271493 1 1 1 1
271731 0 1 0 0
271969 0 1 0 0
272207 0 1 0 0
272445 0 0 1 0
272684 0 0 0 1
272922 1 1 1 1
273398 1 0 0 0
273517 0 0 0 1
273636 1 1 1 1
273874 0 1 0 0
274088 1 0 0 0
274350 1 1 1 1
275537 1 0 0 0
275602 0 1 0 0
275657 0 0 1 0
275712 0 0 0 1
275767 1 1 1 1
276009 0 1 0 0
276152 0 0 1 0
276247 0 1 0 0
276366 1 0 0 0
276485 0 1 0 0
276604 0 0 1 0
276723 0 0 0 1
276843 0 0 1 0
276962 0 1 0 0
277081 1 0 0 0
277200 0 1 0 0
277319 1 0 0 0
277438 0 1 0 0
277557 0 0 1 0
277652 0 1 0 0
277676 0 0 1 0
277795 0 0 0 1
277914 0 0 1 0
278033 1 0 0 0
278152 0 1 0 0
278271 0 0 1 0
278390 0 0 0 1
278509 0 0 1 0
278628 0 1 0 0
278747 1 0 0 0
278866 0 1 0 0
278985 0 0 1 0
279104 0 1 0 0
279223 0 0 1 0
279343 0 0 0 1
279462 0 0 1 0
279586 0 1 0 0
279645 0 0 1 0
279705 0 1 0 0
279819 0 0 0 1
279938 0 1 0 0
280057 0 0 1 0
280295 0 1 0 0
280423 0 0 1 0
280485 0 1 0 0
280540 1 0 0 0
280717 0 0 0 1
280775 0 0 1 0
280890 0 1 0 0
281009 1 0 0 0
281128 0 1 0 0
281247 0 0 1 0
281306 0 0 0 0
281366 0 0 0 1
281425 0 0 0 0
281485 1 1 1 1
281727 1 0 0 0
281965 0 0 1 0
282203 1 1 1 1
282441 0 0 1 0
282679 0 1 0 0
282917 1 1 1 1
283155 0 1 0 0
283393 0 1 0 0
283631 1 1 1 1
283869 0 0 1 0
284108 0 0 0 1
284340 1 1 1 1
284588 1 1 1 1
284826 1 1 1 1
285065 1 1 1 1
285303 1 1 1 1
285422 1 0 0 0
285541 1 1 1 1
285779 1 1 1 1
285898 1 1 1 1
286017 1 1 1 1
286136 1 1 1 1
286255 1 1 1 1
286315 0 1 1 0
286374 0 1 1 0
286434 0 1 1 0
286494 0 1 1 0
286554 0 1 1 0
286613 0 1 1 0
286673 0 1 1 0
286732 0 1 1 0
286792 0 1 1 0
286851 0 1 1 0
286911 0 1 1 0
286970 0 1 1 0
287030 0 1 1 0
287089 0 1 1 0
287149 0 1 1 0
287208 1 1 1 1
287445 0 1 0 0
287684 0 0 1 0
287922 0 1 0 0
288160 0 0 1 0
288398 0 0 0 1
288636 0 0 0 1
288874 0 0 1 0
289112 0 1 0 0
289350 0 0 1 0
289588 0 1 0 0
289826 1 0 0 0
290065 0 1 0 0
290303 0 0 1 0
290541 0 0 0 1
290779 0 0 0 1
291017 0 0 1 0
291255 0 1 0 0
291493 1 0 0 0
