124
189
254
320
385
450
515
581
646
711
776
841
907
972
1037
1102
1167
1233
1298
1363
1428
1494
1559
1624
1689
1754
1820
1885
1950
2015
2081
2146
2211
2276
2341
2407
2472
2537
2602
2667
2733
2798
2863
2928
2994
3059
3124
3189
3254
3320
3385
3450
3515
3581
3646
3711
3776
3841
3907
3972
4037
4102
4167
4233
4298
4363
4428
4494
4559
4624
4689
4754
4820
4885
4950
5015
5081
5146
5211
5276
5341
5407
5472
5537
5602
5667
5733
5798
5863
5928
5994
6059
6124
6189
6254
6320
6385
6450
6515
6581
6646
6711
6776
6841
6907
6972
7037
7102
7167
7233
7298
7363
7428
7494
7559
7624
7689
7754
7820
7885
7950
8015
8081
8146
8211
8276
8341
8407
8472
8537
8602
8667
8733
8798
8863
8928
8994
9059
9124
9189
9254
9320
9385
9450
9515
9581
9646
9711
9776
9841
9907
9972
10037
10102
10167
10233
10298
10363
10428
10494
10559
10624
10689
10754
10820
10885
10950
11015
11081
11146
11211
11276
11341
11407
11472
11537
11602
11667
11733
11798
11863
11928
11994
12059
12124
12189
12254
12320
12385
12450
12515
12581
12646
12711
12776
12841
12907
12972
13037
13102
13167
13233
13298
13363
13428
13494
13559
13624
13689
13754
13820
13885
13950
14015
14081
14146
14211
14276
14341
14407
14472
14537
14602
14667
14733
14798
14863
14928
14994
15059
15124
15189
15254
15320
15385
15450
15515
15581
15646
15711
15776
15841
15907
15972
16037
16102
16167
16233
16298
16363
16428
16494
16559
16624
16689
16754
16820
16885
16950
17015
17081
17146
17211
17276
17341
17407
17472
17537
17602
17667
17733
17798
17863
17928
17994
18059
18124
18189
18254
18320
18385
18450
18515
18581
18646
18711
18776
18841
18907
18972
19037
19102
19167
19233
19298
19363
19428
19494
19559
19624
19689
19754
19820
19885
19950
20015
20081
20146
20211
20276
20341
20407
20472
20537
20602
20667
20733
20798
20863
20928
20994
21059
21124
21189
21254
21320
21385
21450
21515
21581
21646
21711
21776
21841
21907
21972
22037
22102
22167
22233
22298
22363
22428
22494
22559
22624
22689
22754
22820
22885
22950
23015
23081
23146
23211
23276
23341
23407
23472
23537
23602
23667
23733
23798
23863
23928
23994
24059
24124
24189
24254
24320
24385
24450
24515
24581
24646
24711
24776
24841
24907
24972
25037
25102
25167
25233
25298
25363
25428
25494
25559
25624
25689
25754
25820
25885
25950
26015
26081
26146
26211
26276
26341
26407
26472
26537
26602
26667
26733
26798
26863
26928
26994
27059
27124
27189
27254
27320
27385
27450
27515
27581
27646
27711
27776
27841
27907
27972
28037
28102
28167
28233
28298
28363
28428
28494
28559
28624
28689
28754
28820
28885
28950
29015
29081
29146
29211
29276
29341
29407
29472
29537
29602
29667
29733
29798
29863
29928
29994
30059
30124
30189
30254
30320
30385
30450
30515
30581
30646
30711
30776
30841
30907
30972
31037
31102
31167
31233
31298
31363
31428
31494
31559
31624
31689
31754
31820
31885
31950
32015
32081
32146
32211
32276
32341
32407
32472
32537
32602
32667
32733
32798
32863
32928
32994
33059
33124
33189
33254
33320
33385
33450
33515
33581
33646
33711
33776
33841
33907
33972
34037
34102
34167
34233
34298
34363
34428
34494
34559
34624
34689
34754
34820
34885
34950
35015
35081
35146
35211
35276
35341
35407
35472
35537
35602
35667
35733
35798
35863
35928
35994
36059
36124
36189
36254
36320
36385
36450
36515
36581
36646
36711
36776
36841
36907
36972
37037
37102
37167
37233
37298
37363
37428
37494
37559
37624
37689
37754
37820
37885
37950
38015
38081
38146
38211
38276
38341
38407
38472
38537
38602
38667
38733
38798
38863
38928
38994
39059
39124
39189
39254
39320
39385
39450
39515
39581
39646
39711
39776
39841
39907
39972
40037
40102
40167
40233
40298
40363
40428
40494
40559
40624
40689
40754
40820
40885
40950
41015
41081
41146
41211
41276
41341
41407
41472
41537
41602
41667
41733
41798
41863
41928
41994
42059
42124
42189
42254
42320
42385
42450
42515
42581
42646
42711
42776
42841
42907
42972
43037
43102
43167
43233
43298
43363
43428
43494
43559
43624
43689
43754
43820
43885
43950
44015
44081
44146
44211
44276
44341
44407
44472
44537
44602
44667
44733
44798
44863
44928
44994
45059
45124
45189
45254
45320
45385
45450
45515
45581
45646
45711
45776
45841
45907
45972
46037
46102
46167
46233
46298
46363
46428
46494
46559
46624
46689
46754
46820
46885
46950
47015
47081
47146
47211
47276
47341
47407
47472
47537
47602
47667
47733
47798
47863
47928
47994
48059
48124
48189
48254
48320
48385
48450
48515
48581
48646
48711
48776
48841
48907
48972
49037
49102
49167
49233
49298
49363
49428
49494
49559
49624
49689
49754
49820
49885
49950
50015
50081
50146
50211
50276
50341
50407
50472
50537
50602
50667
50733
50798
50863
50928
50994
51059
51124
51189
51254
51320
51385
51450
51515
51581
51646
51711
51776
51841
51907
51972
52037
52102
52167
52233
52298
52363
52428
52494
52559
52624
52689
52754
52820
52885
52950
53015
53081
53146
53211
53276
53341
53407
53472
53537
53602
53667
53733
53798
53863
53928
53994
54059
54124
54189
54254
54320
54385
54450
54515
54581
54646
54711
54776
54841
54907
54972
55037
55102
55167
55233
55298
55363
55428
55494
55559
55624
55689
55754
55820
55885
55950
56015
56081
56146
56211
56276
56341
56407
56472
56537
56602
56667
56733
56798
56863
56928
56994
57059
57124
57189
57254
57320
57385
57450
57515
57581
57646
57711
57776
57841
57907
57972
58037
58102
58167
58233
58298
58363
58428
58494
58559
58624
58689
58754
58820
58885
58950
59015
59081
59146
59211
59276
59341
59407
59472
59537
59602
59667
59733
59798
59863
59928
59994
60059
60124
60189
60254
60320
60385
60450
60515
60581
60646
60711
60776
60841
60907
60972
61037
61102
61167
61233
61298
61363
61428
61494
61559
61624
61689
61754
61820
61885
61950
62015
62081
62146
62211
62276
62341
62407
62472
62537
62602
62667
62733
62798
62863
62928
62994
63059
63124
63189
63254
63320
63385
63450
63515
63581
63646
63711
63776
63841
63907
63972
64037
64102
64167
64233
64298
64363
64428
64494
64559
64624
64689
64754
64820
64885
64950
65015
65081
65146
65211
65276
65341
65407
65472
65537
65602
65667
65733
65798
65863
65928
65994
66059
66124
66189
66254
66320
66385
66450
66515
66581
66646
66711
66776
66841
66907
66972
67037
67102
67167
67233
67298
67363
67428
67494
67559
67624
67689
67754
67820
67885
67950
68015
68081
68146
68211
68276
68341
68407
68472
68537
68602
68667
68733
68798
68863
68928
68994
69059
69124
69189
69254
69320
69385
69450
69515
69581
69646
69711
69776
69841
69907
69972
70037
70102
70167
70233
70298
70363
70428
70494
70559
70624
70689
70754
70820
70885
70950
71015
71081
71146
71211
71276
71341
71407
71472
71537
71602
71667
71733
71798
71863
71928
71994
72059
72124
72189
72254
72320
72385
72450
72515
72581
72646
72711
72776
72841
72907
72972
73037
73102
73167
73233
73298
73363
73428
73494
73559
73624
73689
73754
73820
73885
73950
74015
74081
74146
74211
74276
74341
74407
74472
74537
74602
74667
74733
74798
74863
74928
74994
75059
75124
75189
75254
75320
75385
75450
75515
75581
75646
75711
75776
75841
75907
75972
76037
76102
76167
76233
76298
76363
76428
76494
76559
76624
76689
76754
76820
76885
76950
77015
77081
77146
77211
77276
77341
77407
77472
77537
77602
77667
77733
77798
77863
77928
77994
78059
78124
78189
78254
78320
78385
78450
78515
78581
78646
78711
78776
78841
78907
78972
79037
79102
79167
79233
79298
79363
79428
79494
79559
79624
79689
79754
79820
79885
79950
80015
80081
80146
80211
80276
80341
80407
80472
80537
80602
80667
80733
80798
80863
80928
80994
81059
81124
81189
81254
81320
81385
81450
81515
81581
81646
81711
81776
81841
81907
81972
82037
82102
82167
82233
82298
82363
82428
82494
82559
82624
82689
82754
82820
82885
82950
83015
83081
83146
83211
83276
83341
83407
83472
83537
83602
83667
83733
83798
83863
83928
83994
84059
84124
84189
84254
84320
84385
84450
84515
84581
84646
84711
84776
84841
84907
84972
85037
85102
85167
85233
85298
85363
85428
85494
85559
85624
85689
85754
85820
85885
85950
86015
86081
86146
86211
86276
86341
86407
86472
86537
86602
86667
86733
86798
86863
86928
86994
87059
87124
87189
87254
87320
87385
87450
87515
87581
87646
87711
87776
87841
87907
87972
88037
88102
88167
88233
88298
88363
88428
88494
88559
88624
88689
88754
88820
88885
88950
89015
89081
89146
89211
89276
89341
89407
89472
89537
89602
89667
89733
89798
89863
89928
89994
90059
90124
90189
90254
90320
90385
90450
90515
90581
90646
90711
90776
90841
90907
90972
91037
91102
91167
91233
91298
91363
91428
91494
91559
91624
91689
91754
91820
91885
91950
92015
92081
92146
92211
92276
92341
92407
92472
92537
92602
92667
92733
92798
92863
92928
92994
93059
93124
93189
93254
93320
93385
93450
93515
93581
93646
93711
93776
93841
93907
93972
94037
94102
94167
94233
94298
94363
94428
94494
94559
94624
94689
94754
94820
94885
94950
95015
95081
95146
95211
95276
95341
95407
95472
95537
95602
95667
95733
95798
95863
95928
95994
96059
96124
96189
96254
96320
96385
96450
96515
96581
96646
96711
96776
96841
96907
96972
97037
97102
97167
97233
97298
97363
97428
97494
97559
97624
97689
97754
97820
97885
97950
98015
98081
98146
98211
98276
98341
98407
98472
98537
98602
98667
98733
98798
98863
98928
98994
99059
99124
99189
99254
99320
99385
99450
99515
99581
99646
99711
99776
99841
99907
99972
100037
100102
100167
100233
100298
100363
100428
100494
100559
100624
100689
100754
100820
100885
100950
101015
101081
101146
101211
101276
101341
101407
101472
101537
101602
101667
101733
101798
101863
101928
101994
102059
102124
102189
102254
102320
102385
102450
102515
102581
102646
102711
102776
102841
102907
102972
103037
103102
103167
103233
103298
103363
103428
103494
103559
103624
103689
103754
103820
103885
103950
104015
104081
104146
104211
104276
104341
104407
104472
104537
104602
104667
104733
104798
104863
104928
104994
105059
105124
105189
105254
105320
105385
105450
105515
105581
105646
105711
105776
105841
105907
105972
106037
106102
106167
106233
106298
106363
106428
106494
106559
106624
106689
106754
106820
106885
106950
107015
107081
107146
107211
107276
107341
107407
107472
107537
107602
107667
107733
107798
107863
107928
107994
108059
108124
108189
108254
108320
108385
108450
108515
108581
108646
108711
108776
108841
108907
108972
109037
109102
109167
109233
109298
109363
109428
109494
109559
109624
109689
109754
109820
109885
109950
110015
110081
110146
110211
110276
110341
110407
110472
110537
110602
110667
110733
110798
110863
110928
110994
111059
111124
111189
111254
111320
111385
111450
111515
111581
111646
111711
111776
111841
111907
111972
112037
112102
112167
112233
112298
112363
112428
112494
112559
112624
112689
112754
112820
112885
112950
113015
113081
113146
113211
113276
113341
113407
113472
113537
113602
113667
113733
113798
113863
113928
113994
114059
114124
114189
114254
114320
114385
114450
114515
114581
114646
114711
114776
114841
114907
114972
115037
115102
115167
115233
115298
115363
115428
115494
115559
115624
115689
115754
115820
115885
115950
116015
116081
116146
116211
116276
116341
116407
116472
116537
116602
116667
116733
116798
116863
116928
116994
117059
117124
117189
117254
117320
117385
117450
117515
117581
117646
117711
117776
117841
117907
117972
118037
118102
118167
118233
118298
118363
118428
118494
118559
118624
118689
118754
118820
118885
118950
119015
119081
119146
119211
119276
119341
119407
119472
119537
119602
119667
119733
119798
119863
119928
119994
120059
120124
120189
120254
120320
120385
120450
120515
120581
120646
120711
120776
120841
120907
120972
121037
121102
121167
121233
121298
121363
121428
121494
121559
121624
121689
121754
121820
121885
121950
122015
122081
122146
122211
122276
122341
122407
122472
122537
122602
122667
122733
122798
122863
122928
122994
123059
123124
123189
123254
123320
123385
123450
123515
123581
123646
123711
123776
123841
123907
123972
124037
124102
124167
124233
124298
124363
124428
124494
124559
124624
124689
124754
124820
124885
124950
125015
125081
125146
125211
125276
125341
125407
125472
125537
125602
125667
125733
125798
125863
125928
125994
126059
126124
126189
126254
126320
126385
126450
126515
126581
126646
126711
126776
126841
126907
126972
127037
127102
127167
127233
127298
127363
127428
127494
127559
127624
127689
127754
127820
127885
127950
128015
128081
128146
128211
128276
128341
128407
128472
128537
128602
128667
128733
128798
128863
128928
128994
129059
129124
129189
129254
129320
129385
129450
129515
129581
129646
129711
129776
129841
129907
129972
130037
130102
130167
130233
130298
130363
130428
130494
130559
130624
130689
130754
130820
130885
130950
131015
131081
131146
131211
131276
131341
131407
131472
131537
131602
131667
131733
131798
131863
131928
131994
132059
132124
132189
132254
132320
132385
132450
132515
132581
132646
132711
132776
132841
132907
132972
133037
133102
133167
133233
133298
133363
133428
133494
133559
133624
133689
133754
133820
133885
133950
134015
134081
134146
134211
134276
134341
134407
134472
134537
134602
134667
134733
134798
134863
134928
134994
135059
135124
135189
135254
135320
135385
135450
135515
135581
135646
135711
135776
135841
135907
135972
136037
136102
136167
136233
136298
136363
136428
136494
136559
136624
136689
136754
136820
136885
136950
137015
137081
137146
137211
137276
137341
137407
137472
137537
137602
137667
137733
137798
137863
137928
137994
138059
138124
138189
138254
138320
138385
138450
138515
138581
138646
138711
138776
138841
138907
138972
139037
139102
139167
139233
139298
139363
139428
139494
139559
139624
139689
139754
139820
139885
139950
140015
140081
140146
140211
140276
140341
140407
140472
140537
140602
140667
140733
140798
140863
140928
140994
141059
141124
141189
141254
141320
141385
141450
141515
141581
141646
141711
141776
141841
141907
141972
142037
142102
142167
142233
142298
142363
142428
142494
142559
142624
142689
142754
142820
142885
142950
143015
143081
143146
143211
143276
143341
143407
143472
143537
143602
143667
143733
143798
143863
143928
143994
144059
144124
144189
144254
144320
144385
144450
144515
144581
144646
144711
144776
144841
144907
144972
145037
145102
145167
145233
145298
145363
145428
145494
145559
145624
145689
145754
145820
145885
145950
146015
146081
146146
146211
146276
146341
146407
146472
146537
146602
146667
146733
146798
146863
146928
146994
147059
147124
147189
147254
147320
147385
147450
147515
147581
147646
147711
147776
147841
147907
147972
148037
148102
148167
148233
148298
148363
148428
148494
148559
148624
148689
148754
148820
148885
148950
149015
149081
149146
149211
149276
149341
149407
149472
149537
149602
149667
149733
149798
149863
149928
149994
150059
150124
150189
150254
150320
150385
150450
150515
150581
150646
150711
150776
150841
150907
150972
151037
151102
151167
151233
151298
151363
151428
151494
151559
151624
151689
151754
151820
151885
151950
152015
152081
152146
152211
152276
152341
152407
152472
152537
152602
152667
152733
152798
152863
152928
152994
153059
153124
153189
153254
153320
153385
153450
153515
153581
153646
153711
153776
153841
153907
153972
154037
154102
154167
154233
154298
154363
154428
154494
154559
154624
154689
154754
154820
154885
154950
155015
155081
155146
155211
155276
155341
155407
155472
155537
155602
155667
155733
155798
155863
155928
155994
156059
156124
156189
156254
156320
156385
156450
156515
156581
156646
156711
156776
156841
156907
156972
157037
157102
157167
157233
157298
157363
157428
157494
157559
157624
157689
157754
157820
157885
157950
158015
158081
158146
158211
158276
158341
158407
158472
158537
158602
158667
158733
158798
158863
158928
158994
159059
159124
159189
159254
159320
159385
159450
159515
159581
159646
159711
159776
159841
159907
159972
160037
160102
160167
160233
160298
160363
160428
160494
160559
160624
160689
160754
160820
160885
160950
161015
161081
161146
161211
161276
161341
161407
161472
161537
161602
161667
161733
161798
161863
161928
161994
162059
162124
162189
162254
162320
162385
162450
162515
162581
162646
162711
162776
162841
162907
162972
163037
163102
163167
163233
163298
163363
163428
163494
163559
163624
163689
163754
163820
163885
163950
164015
164081
164146
164211
164276
164341
164407
164472
164537
164602
164667
164733
164798
164863
164928
164994
165059
165124
165189
165254
165320
165385
165450
165515
165581
165646
165711
165776
165841
165907
165972
166037
166102
166167
166233
166298
166363
166428
166494
166559
166624
166689
166754
166820
166885
166950
167015
167081
167146
167211
167276
167341
167407
167472
167537
167602
167667
167733
167798
167863
167928
167994
168059
168124
168189
168254
168320
168385
168450
168515
168581
168646
168711
168776
168841
168907
168972
169037
169102
169167
169233
169298
169363
169428
169494
169559
169624
169689
169754
169820
169885
169950
170015
170081
170146
170211
170276
170341
170407
170472
170537
170602
170667
170733
170798
170863
170928
170994
171059
171124
171189
171254
171320
171385
171450
171515
171581
171646
171711
171776
171841
171907
171972
172037
172102
172167
172233
172298
172363
172428
172494
172559
172624
172689
172754
172820
172885
172950
173015
173081
173146
173211
173276
173341
173407
173472
173537
173602
173667
173733
173798
173863
173928
173994
174059
174124
174189
174254
174320
174385
174450
174515
174581
174646
174711
174776
174841
174907
174972
175037
175102
175167
175233
175298
175363
175428
175494
175559
175624
175689
175754
175820
175885
175950
176015
176081
176146
176211
176276
176341
176407
176472
176537
176602
176667
176733
176798
176863
176928
176994
177059
177124
177189
177254
177320
177385
177450
177515
177581
177646
177711
177776
177841
177907
177972
178037
178102
178167
178233
178298
178363
178428
178494
178559
178624
178689
178754
178820
178885
178950
179015
179081
179146
179211
179276
179341
179407
179472
179537
179602
179667
179733
179798
179863
179928
179994
180059
180124
180189
180254
180320
180385
180450
180515
180581
180646
180711
180776
180841
180907
180972
181037
181102
181167
181233
181298
181363
181428
181494
181559
181624
181689
181754
181820
181885
181950
182015
182081
182146
182211
182276
182341
182407
182472
182537
182602
182667
182733
182798
182863
182928
182994
183059
183124
183189
183254
183320
183385
183450
183515
183581
183646
183711
183776
183841
183907
183972
184037
184102
184167
184233
184298
184363
184428
184494
184559
184624
184689
184754
184820
184885
184950
185015
185081
185146
185211
185276
185341
185407
185472
185537
185602
185667
185733
185798
185863
185928
185994
186059
186124
186189
186254
186320
186385
186450
186515
186581
186646
186711
186776
186841
186907
186972
187037
187102
187167
187233
187298
187363
187428
187494
187559
187624
187689
187754
187820
187885
187950
188015
188081
188146
188211
188276
188341
188407
188472
188537
188602
188667
188733
188798
188863
188928
188994
189059
189124
189189
189254
189320
189385
189450
189515
189581
189646
189711
189776
189841
189907
189972
190037
190102
190167
190233
190298
190363
190428
190494
190559
190624
190689
190754
190820
190885
190950
191015
191081
191146
191211
191276
191341
191407
191472
191537
191602
191667
191733
191798
191863
191928
191994
192059
192124
192189
192254
192320
192385
192450
192515
192581
192646
192711
192776
192841
192907
192972
193037
193102
193167
193233
193298
193363
193428
193494
193559
193624
193689
193754
193820
193885
193950
194015
194081
194146
194211
194276
194341
194407
194472
194537
194602
194667
194733
194798
194863
194928
194994
195059
195124
195189
195254
195320
195385
195450
195515
195581
195646
195711
195776
195841
195907
195972
196037
196102
196167
196233
196298
196363
196428
196494
196559
196624
196689
196754
196820
196885
196950
197015
197081
197146
197211
197276
197341
197407
197472
197537
197602
197667
197733
197798
197863
197928
197994
198059
198124
198189
198254
198320
198385
198450
198515
198581
198646
198711
198776
198841
198907
198972
199037
199102
199167
199233
199298
199363
199428
199494
199559
199624
199689
199754
199820
199885
199950
200015
200081
200146
200211
200276
200341
200407
200472
200537
200602
200667
200733
200798
200863
200928
200994
201059
201124
201189
201254
201320
201385
201450
201515
201581
201646
201711
201776
201841
201907
201972
202037
202102
202167
202233
202298
202363
202428
202494
202559
202624
202689
202754
202820
202885
202950
203015
203081
203146
203211
203276
203341
203407
203472
203537
203602
203667
203733
203798
203863
203928
203994
204059
204124
204189
204254
204320
204385
204450
204515
204581
204646
204711
204776
204841
204907
204972
205037
205102
205167
205233
205298
205363
205428
205494
205559
205624
205689
205754
205820
205885
205950
206015
206081
206146
206211
206276
206341
206407
206472
206537
206602
206667
206733
206798
206863
206928
206994
207059
207124
207189
207254
207320
207385
207450
207515
207581
207646
207711
207776
207841
207907
207972
208037
208102
208167
208233
208298
208363
208428
208494
208559
208624
208689
208754
208820
208885
208950
209015
209081
209146
209211
209276
209341
209407
209472
209537
209602
209667
209733
209798
209863
209928
209994
210059
210124
210189
210254
210320
210385
210450
210515
210581
210646
210711
210776
210841
210907
210972
211037
211102
211167
211233
211298
211363
211428
211494
211559
211624
211689
211754
211820
211885
211950
212015
212081
212146
212211
212276
212341
212407
212472
212537
212602
212667
212733
212798
212863
212928
212994
213059
213124
213189
213254
213320
213385
213450
213515
213581
213646
213711
213776
213841
213907
213972
214037
214102
214167
214233
214298
214363
214428
214494
214559
214624
214689
214754
214820
214885
214950
215015
215081
215146
215211
215276
215341
215407
215472
215537
215602
215667
215733
215798
215863
215928
215994
216059
216124
216189
216254
216320
216385
216450
216515
216581
216646
216711
216776
216841
216907
216972
217037
217102
217167
217233
217298
217363
217428
217494
217559
217624
217689
217754
217820
217885
217950
218015
218081
218146
218211
218276
218341
218407
218472
218537
218602
218667
218733
218798
218863
218928
218994
219059
219124
219189
219254
219320
219385
219450
219515
219581
219646
219711
219776
219841
219907
219972
220037
220102
220167
220233
220298
220363
220428
220494
220559
220624
220689
220754
220820
220885
220950
221015
221081
221146
221211
221276
221341
221407
221472
221537
221602
221667
221733
221798
221863
221928
221994
222059
222124
222189
222254
222320
222385
222450
222515
222581
222646
222711
222776
222841
222907
222972
223037
