三七 260 175
175 0 0 1 0
406 1 0 0 0
637 0 0 0 1
752 1 0 0 0
983 0 1 0 0
1098 1 0 0 0
1329 0 0 1 0
1444 0 1 0 0
1675 0 0 0 1
1790 1 0 0 0
2021 0 1 0 0
2252 0 0 0 1
2483 1 0 0 0
2598 0 0 0 1
2829 1 0 0 0
2944 0 1 0 0
3175 0 1 0 0
3290 0 0 1 0
3521 1 0 0 0
3637 0 0 0 1
3867 0 1 0 0
4098 0 0 0 1
4329 1 0 0 0
4444 0 0 0 1
4675 1 0 0 0
4790 0 1 0 0
5021 0 1 0 0
5137 0 0 1 0
5367 1 0 0 0
5483 0 0 0 1
5713 0 0 0 1
5944 1 0 0 0
6175 0 0 0 1
6290 1 0 0 0
6521 0 1 0 0
6637 1 0 0 0
6867 0 0 1 0
6983 0 1 0 0
7213 0 0 0 1
7329 1 0 0 0
7560 0 0 1 0
7790 1 0 0 0
8021 0 0 0 1
8137 1 0 0 0
8367 0 1 0 0
8483 1 0 0 0
8713 0 0 1 0
8829 0 1 0 0
9060 0 0 0 1
9175 1 0 0 0
9406 0 1 0 0
9637 0 0 0 1
9867 1 0 0 0
9983 0 0 0 1
10213 1 0 0 0
10329 0 1 0 0
10560 0 1 0 0
10675 0 0 1 0
10906 1 0 0 0
11021 0 0 0 1
11252 1 0 0 0
11483 0 0 0 1
11713 1 0 0 0
11829 0 0 0 1
12060 1 0 0 0
12175 0 1 0 0
12406 0 1 0 0
12521 0 0 1 0
12752 1 0 0 0
12867 0 0 0 1
13098 0 0 1 0
13329 1 0 0 0
13560 0 0 0 1
13675 1 0 0 0
13906 0 1 0 0
14021 1 0 0 0
14252 0 0 1 0
14367 0 1 0 0
14598 0 0 0 1
14713 1 0 0 0

15175 0 1 0 0
15406 0 0 1 0
15521 0 1 0 0
15752 0 0 1 0
15867 1 0 0 0
16098 0 0 0 1
16213 0 0 1 0
16444 0 0 1 0
16560 1 0 0 0
16790 1 0 0 0
17021 0 0 1 0
17252 0 1 0 0
17367 1 0 0 0
17598 0 0 0 1
17713 0 0 0 1
17944 1 0 0 0
18060 0 1 0 0
18290 1 0 0 0
18406 0 0 0 1
18637 1 0 0 0
18867 0 0 1 0
19098 1 0 0 0
19213 1 0 0 0
19444 1 0 0 0
19560 0 0 0 1
19790 1 0 0 0
19906 1 0 0 0
20137 0 0 1 0
20252 1 0 0 0
20483 0 1 0 0
20713 0 0 0 1
20944 0 1 0 0
21060 1 0 0 0
21290 0 0 0 1
21406 0 0 0 1
21637 1 0 0 0
21752 0 0 0 1
21983 0 1 0 0
22098 0 0 0 1
22329 0 0 1 0
22560 1 0 0 0
22790 1 0 0 0
22906 1 0 0 0
23137 0 0 0 1
23252 0 1 0 0
23483 0 0 0 1
23598 0 1 0 0
23829 0 1 0 0
23944 0 0 0 1
24175 1 0 0 0
24406 0 0 1 0
24637 0 1 0 0
24752 0 0 1 0
24983 1 0 0 0
25098 0 1 0 0
25329 0 0 1 0
25444 0 1 0 0
25675 0 0 1 0
25790 0 1 0 0
26021 0 0 0 1
26252 0 0 1 0
26483 0 1 0 0
26598 0 0 0 1
26829 0 0 0 1
26944 0 0 0 1
27175 1 0 0 0
27290 0 0 0 1
27521 0 0 0 1
27637 0 0 1 0
27867 0 1 0 0
28098 1 0 0 0
28329 1 0 0 0
28444 1 0 0 0
28675 1 0 0 0
28790 1 0 0 0
29021 0 1 0 0
29137 0 0 1 0
29367 0 1 0 0
29483 0 0 0 1
29713 0 0 1 1
29944 1 0 0 0
30175 0 0 0 1
30290 1 0 0 0
30521 0 1 0 0
30637 1 0 0 0
30867 0 0 1 0
30983 0 1 0 0
31213 0 0 0 1
31329 1 0 0 0
31560 1 1 0 0
31790 0 0 0 1
32021 1 0 0 0
32137 0 0 0 1
32367 1 0 0 0
32483 0 1 0 0
32713 0 1 0 0
32829 0 0 1 0
33060 1 0 0 0
33175 0 0 0 1
33406 1 1 0 0
33637 0 0 0 1
33867 1 0 0 0
33983 0 0 0 1
34213 1 0 0 0
34329 0 1 0 0
34560 0 1 0 0
34675 0 0 1 0
34906 1 0 0 0
35021 0 0 0 1
35252 0 0 1 1
35483 1 0 0 0
35713 0 0 0 1
35829 1 0 0 0
36060 0 1 0 0
36175 1 0 0 0
36406 0 0 1 0
36521 0 1 0 0
36752 0 0 0 1
36867 1 0 0 0
37098 0 0 1 1
37329 1 0 0 0
37560 0 0 0 1
37675 1 0 0 0
37906 0 1 0 0
38021 1 0 0 0
38252 0 0 1 0
38367 0 1 0 0
38598 0 0 0 1
38713 1 0 0 0
38944 1 1 0 0
39175 0 0 0 1
39406 1 0 0 0
39521 0 0 0 1
39752 1 0 0 0
39867 0 1 0 0
40098 0 1 0 0
40213 0 0 1 0
40444 1 0 0 0
40560 0 0 0 1
40790 1 1 0 0
41021 0 0 0 1
41252 1 0 0 0
41367 0 0 0 1
41598 1 0 0 0
41713 0 1 0 0
41944 0 1 0 0
42060 0 0 1 0
42290 1 0 0 0
42406 0 0 0 1
42637 0 0 1 1
42867 1 0 0 0
43098 0 0 0 1
43213 1 0 0 0
43444 0 1 0 0
43560 1 0 0 0
43790 0 0 1 0
43906 0 1 0 0
44137 0 0 0 1
44252 1 0 0 0
44483 0 1 0 0
44713 0 0 1 0
44944 0 0 0 1
45060 0 0 0 1
45290 0 0 0 1
45406 0 1 0 0
45637 0 1 0 0
45752 1 0 0 0
45983 0 0 1 0
46098 0 0 0 1
46329 1 0 0 0
46560 1 0 0 0
46790 0 1 0 0
46906 0 1 0 0
47137 0 1 0 0
47252 0 1 0 0
47483 0 0 0 1
47598 0 0 1 0
47829 0 0 1 0
47944 0 0 1 0
48175 1 0 0 0
48406 0 1 0 0
48637 1 0 0 0
48752 0 1 0 0
48983 0 0 1 0
49098 0 0 0 1
49329 1 0 0 0
49444 0 0 1 0
49675 0 0 0 1
49790 1 0 0 0
50021 0 1 0 0
50252 0 0 0 1
50483 0 0 1 0
50598 1 0 0 0
50829 1 0 0 0
50944 0 0 1 0
51175 0 1 0 0
51290 1 0 0 0
51521 0 0 1 0
51637 0 1 0 0
51867 0 1 0 0
52098 0 0 1 0
52329 0 0 1 0
52444 1 0 0 0
52675 1 0 0 0
52790 0 0 1 0
53021 0 0 1 0
53137 0 0 1 0
53367 0 0 1 0
53483 0 1 0 0
53713 0 0 0 1
53944 1 0 0 0
54175 0 1 0 0
54290 1 0 0 0
54521 0 1 0 0
54637 0 1 0 0
54867 0 0 1 0
54983 1 0 0 0
55213 0 1 0 0
55329 1 0 0 0
55560 1 0 0 0



56020 1 0 0 0



56480 1 0 0 0



56940 1 0 0 0



57400 1 0 0 0



57860 1 0 0 0



58320 1 0 0 0



58780 1 0 0 0



59240 1 0 0 1










62944 1 0 0 0
63175 0 1 0 0

63406 0 0 1 0
63521 0 1 0 0

63867 0 0 1 0
63983 0 1 0 0
64213 0 0 1 0
64329 0 1 0 0
64560 0 0 0 1
64790 1 0 0 1
65021 0 0 1 0

65252 0 1 0 0
65367 0 0 1 0

65713 0 1 0 0
65829 0 0 1 0
66060 0 1 0 0
66175 0 0 1 0
66406 1 0 0 0
66637 1 0 0 0
66867 0 1 0 0

67098 0 0 1 0
67213 0 1 0 0

67560 0 0 1 0
67675 0 1 0 0
67906 0 0 1 0
68021 0 1 0 0
68252 0 0 0 1
68483 1 0 0 1
68713 0 0 1 0

68944 0 1 0 0
69060 0 0 1 0

69406 0 1 0 0

69637 0 1 0 0

69867 0 0 1 0
70098 1 0 0 0
70329 0 0 0 1
70560 0 0 1 0

70790 0 1 0 0
70906 0 0 1 0

71252 0 1 0 0
71367 0 0 1 0
71598 0 1 0 0
71713 0 0 1 0
71944 1 0 0 0
72175 1 0 0 1
72406 0 1 0 0

72637 0 0 1 0
72752 0 1 0 0

73098 0 0 1 0
73213 0 1 0 0
73444 0 0 1 0
73560 0 1 0 0
73790 0 0 0 1
74021 0 0 0 1
74252 0 0 1 0

74483 0 1 0 0
74598 0 0 1 0

74944 0 1 0 0
75060 0 0 1 0
75290 0 1 0 0
75406 0 0 1 0
75637 1 0 0 0
75867 1 0 0 1
76098 0 1 0 0

76329 0 0 1 0
76444 0 1 0 0

76790 0 0 1 0

77021 0 0 1 0

77252 0 1 0 0
77483 0 0 0 1
77713 1 0 0 0
77944 0 1 0 0

78175 0 0 1 0
78290 0 1 0 0

78637 0 0 1 0
78752 0 1 0 0
78983 0 0 1 0
79098 0 1 0 0
79329 0 0 0 1
79560 1 0 0 1
79790 0 0 1 0

80021 0 1 0 0
80137 0 0 1 0

80483 0 1 0 0
80598 0 0 1 0
80829 0 1 0 0
80944 0 0 1 0
81175 1 0 0 0
81406 1 0 0 0
81637 0 1 0 0

81867 0 0 1 0
81983 0 1 0 0

82329 0 0 1 0
82444 0 1 0 0
82675 0 0 1 0
82790 0 1 0 0
83021 0 0 0 1
83252 1 0 0 1
83483 0 0 1 0

83713 0 1 0 0
83829 0 0 1 0

84175 0 1 0 0

84406 0 1 0 0

84637 0 0 1 0
84867 1 0 0 0
85098 0 0 0 1
85329 0 0 1 0

85560 0 1 0 0
85675 0 0 1 0

86021 0 1 0 0
86137 0 0 1 0
86367 0 1 0 0
86483 0 0 1 0
86713 1 0 0 0
86944 1 0 0 1
87175 0 1 0 0

87406 0 0 1 0
87521 0 1 0 0

87867 0 0 1 0
87983 0 1 0 0
88213 0 0 1 0
88329 0 1 0 0
88560 0 0 0 1
88790 0 0 0 1
89021 0 0 1 0

89252 0 1 0 0
89367 0 0 1 0

89713 0 1 0 0
89829 0 0 1 0
90060 0 1 0 0
90175 0 0 1 0
90406 1 0 0 0
90637 1 0 0 1
90867 0 1 0 0

91098 0 0 1 0
91213 0 1 0 0

91560 0 0 1 0

91790 0 0 1 0

92021 0 1 0 0
92252 0 0 0 1
92483 0 0 1 1
92713 1 0 0 0
92944 0 0 0 1
93060 1 0 0 0
93290 0 1 0 0
93406 1 0 0 0
93637 0 0 1 0
93752 0 1 0 0
93983 0 0 0 1
94098 1 0 0 0
94329 1 1 0 0
94560 0 0 0 1
94790 1 0 0 0
94906 0 0 0 1
95137 1 0 0 0
95252 0 1 0 0
95483 0 1 0 0
95598 0 0 1 0
95829 1 0 0 0
95944 0 0 0 1
96175 1 1 0 0
96406 0 0 0 1
96637 1 0 0 0
96752 0 0 0 1
96983 1 0 0 0
97098 0 1 0 0
97329 0 1 0 0
97444 0 0 1 0
97675 1 0 0 0
97790 0 0 0 1
98021 0 0 1 1
98252 1 0 0 0
98483 0 0 0 1
98598 1 0 0 0
98829 0 1 0 0
98944 1 0 0 0
99175 0 0 1 0
99290 0 1 0 0
99521 0 0 0 1
99637 1 0 0 0
99867 0 0 1 1
100098 1 0 0 0
100329 0 0 0 1
100444 1 0 0 0
100675 0 1 0 0
100790 1 0 0 0
101021 0 0 1 0
101137 0 1 0 0
101367 0 0 0 1
101483 1 0 0 0
101713 1 1 0 0
101944 0 0 0 1
102175 1 0 0 0
102290 0 0 0 1
102521 1 0 0 0
102637 0 1 0 0
102867 0 1 0 0
102983 0 0 1 0
103213 1 0 0 0
103329 0 0 0 1
103560 1 1 0 0
103790 0 0 0 1
104021 1 0 0 0
104137 0 0 0 1
104367 1 0 0 0
104483 0 1 0 0
104713 0 1 0 0
104829 0 0 1 0
105060 1 0 0 0
105175 0 0 0 1
105406 0 0 1 1
105637 1 0 0 0
105867 0 0 0 1
105983 1 0 0 0
106213 0 1 0 0
106329 1 0 0 0
106560 0 0 1 0
106675 0 1 0 0
106906 0 0 0 1
107021 1 0 0 0
107252 0 0 1 1
107483 1 0 0 0
107713 0 0 0 1
107829 1 0 0 0
108060 0 1 0 0
108175 1 0 0 0
108406 0 0 1 0
108521 0 1 0 0
108752 0 0 0 1
108867 1 0 0 0
109098 1 1 0 0
109329 0 0 0 1
109560 1 0 0 0
109675 0 0 0 1
109906 1 0 0 0
110021 0 1 0 0
110252 0 1 0 0
110367 0 0 1 0
110598 1 0 0 0
110713 0 0 0 1
110944 1 1 0 0
111175 0 0 0 1
111406 1 0 0 0
111521 0 0 0 1
111752 1 0 0 0
111867 0 1 0 0
112098 0 1 0 0
112213 0 0 1 0
112444 1 0 0 0
112560 0 0 0 1
112790 0 0 1 1
113021 1 0 0 0
113252 0 0 0 1
113367 1 0 0 0
113598 0 1 0 0
113713 1 0 0 0
113944 0 0 1 0
114060 0 1 0 0
114290 0 0 0 1
114406 1 0 0 0
114637 0 0 1 1
114867 1 0 0 0
115098 0 0 0 1
115213 1 0 0 0
115444 0 1 0 0
115560 1 0 0 0
115790 0 0 1 0
115906 0 1 0 0
116137 0 0 0 1
116252 1 0 0 0
116483 1 1 0 0
116713 0 0 0 1
116944 1 0 0 0
117060 0 0 0 1
117290 1 0 0 0
117406 0 1 0 0
117637 0 1 0 0
117752 0 0 1 0
117983 1 0 0 0
118098 0 0 0 1
118329 1 1 0 0
118560 0 0 0 1
118790 1 0 0 0
118906 0 0 0 1
119137 1 0 0 0
119252 0 1 0 0
119483 0 1 0 0
119598 0 0 1 0
119829 1 0 0 0
119944 0 0 0 1
120175 0 0 1 1
120406 1 0 0 0
120637 0 0 0 1
120752 1 0 0 0
120983 0 1 0 0
121098 1 0 0 0
121329 0 0 1 0
121444 0 1 0 0
121675 0 0 0 1
121790 1 0 0 0
122021 1 0 0 0
122367 1 0 0 0
122713 0 1 0 0
123060 0 1 0 0
123429 0 1 0 0
123637 0 0 0 1
123867 0 1 0 0
124213 0 1 0 0
124560 1 0 0 0
124906 1 0 0 0
125252 1 0 0 0
125483 0 1 0 0
125713 1 0 0 0
125944 1 0 0 0
126175 1 0 0 0
126406 1 0 0 0
126637 0 0 0 1
126752 0 0 0 1
126867 0 0 0 1

127213 0 0 0 1

127444 1 0 0 0

127675 0 0 1 0

127791 0 1 0 0

127907 0 0 1 0

128023 0 1 0 0

128139 0 0 0 1

128367 1 0 0 0

128598 1 0 0 0

128829 0 0 0 1

129383 1 0 0 0
129613 0 1 0 0

129844 0 0 1 0
129960 0 1 0 0

130306 0 0 1 0
130421 0 1 0 0
130652 0 0 1 0
130767 0 1 0 0
130998 0 0 0 1
131229 1 0 0 1
131460 0 0 1 0

131690 0 1 0 0
131806 0 0 1 0

132152 0 1 0 0
132267 0 0 1 0
132498 0 1 0 0
132613 0 0 1 0
132844 1 0 0 0
133075 1 0 0 0
133306 0 1 0 0

133537 0 0 1 0
133652 0 1 0 0

133998 0 0 1 0
134113 0 1 0 0
134344 0 0 1 0
134460 0 1 0 0
134690 0 0 0 1
134921 1 0 0 1
135152 0 0 1 0

135383 0 1 0 0
135498 0 0 1 0

135844 0 1 0 0

136075 0 1 0 0

136306 0 0 1 0
136537 1 0 0 0
136767 0 0 0 1
136998 0 0 1 0

137229 0 1 0 0
137344 0 0 1 0

137690 0 1 0 0
137806 0 0 1 0
138037 0 1 0 0
138152 0 0 1 0
138383 1 0 0 0
138613 1 0 0 1
138844 0 1 0 0

139075 0 0 1 0
139190 0 1 0 0

139537 0 0 1 0
139652 0 1 0 0
139883 0 0 1 0
139998 0 1 0 0
140229 0 0 0 1
140460 0 0 0 1
140690 0 0 1 0

140921 0 1 0 0
141037 0 0 1 0

141383 0 1 0 0
141498 0 0 1 0
141729 0 1 0 0
141844 0 0 1 0
142075 1 0 0 0
142306 1 0 0 1
142537 0 1 0 0

142767 0 0 1 0
142883 0 1 0 0

143229 0 0 1 0

143460 0 0 1 0

143690 0 1 0 0
143921 0 0 0 1
144152 1 0 0 0
144383 0 1 0 0

144613 0 0 1 0
144729 0 1 0 0

145075 0 0 1 0
145190 0 1 0 0
145421 0 0 1 0
145537 0 1 0 0
145767 0 0 0 1
145998 1 0 0 1
146229 0 0 1 0

146460 0 1 0 0
146575 0 0 1 0

146921 0 1 0 0
147037 0 0 1 0
147267 0 1 0 0
147383 0 0 1 0
147613 1 0 0 0
147844 1 0 0 0
148075 0 1 0 0

148306 0 0 1 0
148421 0 1 0 0

148767 0 0 1 0
148883 0 1 0 0
149113 0 0 1 0
149229 0 1 0 0
149460 0 0 0 1
149690 1 0 0 1
149921 0 0 1 0

150152 0 1 0 0
150267 0 0 1 0

150613 0 1 0 0

150844 0 1 0 0

151075 0 0 1 0
151306 1 0 0 0
151537 0 0 0 1
151767 0 0 1 0

151998 0 1 0 0
152113 0 0 1 0

152460 0 1 0 0
152575 0 0 1 0
152806 0 1 0 0
152921 0 0 1 0
153152 1 0 0 0
153383 1 0 0 1
153613 0 1 0 0

153844 0 0 1 0
153960 0 1 0 0

154306 0 0 1 0
154421 0 1 0 0
154652 0 0 1 0
154767 0 1 0 0
154998 0 0 0 1
155229 0 0 0 1
155460 0 0 1 0

155690 0 1 0 0
155806 0 0 1 0

156152 0 1 0 0
156267 0 0 1 0
156498 0 1 0 0
156613 0 0 1 0
156844 1 0 0 0
157075 1 0 0 1
157306 0 1 0 0

157537 0 0 1 0
157652 0 1 0 0

157998 0 0 1 0

158229 0 0 1 0

158460 0 1 0 0
158690 0 0 0 1
